AIMSID,AMS ,AYT ,BJV ,DEL ,DME ,DUS ,FRA ,HKG ,IST ,KBP ,LED ,MCT ,MSQ ,PEK ,SVO 
41,3,0,1,0,1,0,2,0,5,2,0,0,0,0,3
226,0,0,1,0,0,0,1,0,2,1,1,0,0,2,0
491,0,0,1,0,0,0,1,0,1,2,1,0,0,0,0
497,1,0,2,0,0,0,0,0,4,1,0,0,0,0,0
498,4,1,0,0,0,0,1,0,4,2,2,0,0,1,5
626,3,1,0,0,0,0,1,0,6,3,1,0,0,0,4
661,3,0,0,0,2,0,2,0,3,1,0,0,0,0,1
774,2,1,0,0,2,0,2,0,5,4,5,0,0,1,1
776,4,0,0,1,0,0,1,1,5,3,3,0,0,0,5
781,3,0,0,0,1,0,2,0,8,4,2,0,0,1,3
870,4,0,1,0,2,0,1,0,3,4,3,0,0,0,3
884,2,0,1,0,0,0,3,0,5,2,2,0,1,0,2
2008,5,0,0,0,1,0,1,0,3,3,3,0,0,1,3
2045,5,0,0,1,1,0,2,0,9,3,3,0,0,1,1
2077,4,0,0,0,0,0,3,0,7,3,1,0,0,2,2
2490,3,0,0,1,0,0,1,0,8,2,3,1,0,1,3
3185,2,0,0,0,0,0,2,0,2,2,0,0,0,0,2
4358,4,0,0,1,1,0,1,0,7,1,2,1,0,1,3
4359,5,0,0,0,0,0,2,0,6,4,2,0,0,0,5
5178,4,0,0,0,0,0,2,0,6,0,4,0,0,2,3
5294,3,0,0,0,0,0,1,0,6,6,4,0,0,0,1
5337,6,0,1,0,0,0,0,0,5,3,0,0,0,1,3
5741,1,0,0,0,0,0,1,0,3,0,0,0,0,0,0
6145,3,0,0,0,0,0,3,0,5,4,0,0,0,1,4
6391,4,0,0,0,1,0,1,0,5,3,2,0,0,2,5
6533,2,0,0,0,1,0,2,0,5,3,5,1,0,1,5
6563,1,0,0,0,0,0,1,0,2,2,0,0,0,0,1
6607,5,0,0,0,0,0,3,0,5,2,1,0,0,1,3
8077,3,0,0,0,0,0,1,0,8,2,1,0,0,1,2
8141,4,0,0,0,0,0,1,0,7,4,4,0,0,2,2
8142,0,0,1,0,0,0,2,0,4,1,2,0,0,0,1
8143,1,0,0,1,0,0,3,1,7,1,4,0,0,2,4
8149,3,0,0,0,0,0,3,0,9,2,2,0,0,2,5
9069,4,0,0,0,0,0,0,0,7,2,3,0,0,1,0
9106,5,0,0,2,1,0,1,0,8,3,0,0,0,1,5
9584,5,0,1,0,0,0,3,0,9,4,2,0,0,0,2
10221,1,0,0,0,1,0,1,0,2,4,1,0,0,1,0
10340,4,0,0,0,1,0,2,0,8,2,3,0,0,1,1
10585,3,0,0,0,1,0,1,0,2,1,1,0,0,1,2
95042,2,0,0,0,0,0,1,0,9,3,0,0,0,1,0
96324,4,0,0,0,0,0,1,0,5,4,0,0,0,0,0
96456,0,0,1,0,0,0,1,0,0,0,0,0,0,0,0
96499,6,0,0,0,0,0,1,0,6,1,0,0,0,0,0
96500,6,0,0,0,0,0,0,0,8,4,0,0,0,2,0
96506,4,1,0,1,0,0,0,0,5,3,1,0,0,2,3
96521,2,0,0,1,0,2,3,0,4,5,0,0,0,0,1
96543,3,0,0,0,0,0,2,0,4,4,0,0,0,0,0
96548,4,0,1,0,0,0,2,0,7,3,0,0,0,0,0
96628,4,0,4,1,1,0,1,0,4,1,1,0,0,1,0
96640,3,0,0,0,0,0,1,0,6,3,0,0,0,1,2
